k = 4

[[   0    0    0    0    0]
 [   0 1211    0    7   55]
 [   0   23 1310    0    0]
 [   1   37    0   48    0]
 [   0  228    0    0  968]]

 precision    recall  f1-score   support

0       0.00      0.00      0.00         0
1       0.81      0.95      0.87      1273
2       1.00      0.98      0.99      1333
3       0.87      0.56      0.68        86
4       0.95      0.81      0.87      1196

avg / total       0.92      0.91      0.91      3888

k = 1

[[   0    0    0    0    0]
 [   0 1014   64   48  147]
 [   1   63 1216    3   50]
 [   2   22    9   53    0]
 [   0  253   71    0  872]]

precision    recall  f1-score   support

0       0.00      0.00      0.00         0
1       0.75      0.80      0.77      1273
2       0.89      0.91      0.90      1333
3       0.51      0.62      0.56        86
4       0.82      0.73      0.77      1196

avg / total       0.81      0.81      0.81      3888

k = 10

[[1232    0    0   41]
 [   0 1333    0    0]
 [  40    0   46    0]
 [  58    0    0 1138]]

 precision    recall  f1-score   support

1       0.93      0.97      0.95      1273
2       1.00      1.00      1.00      1333
3       1.00      0.53      0.70        86
4       0.97      0.95      0.96      1196

avg / total       0.97      0.96      0.96      3888
